4536
45948
23925
27543
1764
32918
26264
1789
1787
1754
1767
1753
1754
1774
25400
23513
35759
25394
13355
24237
8018
2634
7614
20692
12948
18473
14038
25231
16259
20695
15229
2135
7650
31289
12928
20709
19318
2286
19587
20973
12633
14305
4953
12630
16009
2217
10313
12928
22529
7718
21803
12931
15146
20744
21010
12931
17645
22778
2155
28306
22729
22946
23854
4967
2252
2251
2168
2369
4949
7615
2185
2168
2168
2184
2168
2168
2168
2184
2184
2168
2168
2188
2189
2168
2185
2268
2251
2184
2269
2251
1
2
3
4
5
6
7
8
9
10





























































































